world_limits = [...
    -2,1;
    -3,2;
     0,3];
 
obs=[-.25,-3,0,.125,5,1.25;
     -.25,-3,1.75,.125,5,1.25;
     -.25,-3,1.25,.125,2,.5;
     -.25,-.5,1.25,.125,2.5,.5];

start = [-1,0,1.5];
stop = [.5,0,1.5];
    