world_limits = [...
    -2,1;
    -3,2;
     0,3];
 
obs=[-.5,-3,0,.5,5,1.25;
     -.5,-3,1.75,.5,5,1.25;
     -.5,-3,1.25,.5,2,.5;
     -.5,-.5,1.25,.5,2.5,.5];

start = [-1,0,1.5];
stop = [.5,0,1.5];
    